  24569      16915       31873
  23073      17035       32055
  19901      15762       33396
  16359      13908       35349
  15217      13903       35354
  14133      13897       35361
  13107      13895       35362
  12126      13894       35364
  11178      13883       35375
  10269      13876       35383
   9516      14049       35200
   9369      15197       33992
   9257      16602       32511
   8417      16830       32272
   7467      16814       32288
   6522      16759       32346
   5616      16748       32357
   4718      16710       32398
   3840      16692       32416
   2973      16671       32439
   2115      16647       32464
   1267      16641       32470
    421      16606       32507
   -421      16620       32492
  -1262      16572       32542
  -2106      16570       32545
  -2949      16538       32579
  -3803      16530       32588
  -4668      16534       32583
  -5536      16509       32609
  -6418      16492       32627
  -7314      16470       32650
  -8230      16455       32666
  -9171      16448       32673
 -10125      16423       32700
 -11115      16411       32712
 -12135      16397       32727
 -13182      16373       32753
 -14266      16346       32781
 -15402      16329       32799
 -16580      16302       32827
 -17685      16158       32979
 -19069      16213       32921
 -20547      16273       32857
 -21894      16165       32972
 -23243      16002       33143
  24462      16567       31691
  22985      16693       31865
  20331      15840       32792
  16480      13783       35027
  15340      13787       35022
  14246      13780       35031
  13209      13775       35035
  12241      13798       35011
  11285      13788       35021
  10383      13801       35008
   9563      13889       34911
   9372      14953       33756
   9219      16265       32331
   8346      16416       32167
   7392      16376       32210
   6470      16353       32235
   5564      16323       32267
   4676      16292       32301
   3803      16261       32335
   2941      16220       32380
   2094      16207       32393
   1253      16195       32407
    417      16169       32435
   -416      16160       32445
  -1248      16133       32474
  -2080      16105       32504
  -2918      16095       32515
  -3757      16065       32548
  -4610      16063       32550
  -5465      16033       32583
  -6338      16021       32596
  -7222      15999       32620
  -8129      15989       32631
  -9046      15960       32662
 -10000      15955       32668
 -10957      15914       32712
 -11964      15902       32725
 -13004      15888       32740
 -14068      15856       32774
 -15174      15825       32808
 -16340      15805       32831
 -17451      15684       32962
 -18721      15657       32991
 -20157      15704       32940
 -21613      15697       32948
 -22663      15349       33326
  23654      15340       31683
  22243      15469       31844
  20724      15461       31853
  18030      14439       33052
  16038      13803       33799
  14926      13824       33774
  13805      13786       33819
  12777      13790       33813
  11802      13808       33793
  10835      13791       33813
   9916      13791       33813
   9375      14324       33188
   9020      15239       32113
   8083      15224       32131
   7156      15180       32183
   6261      15154       32213
   5385      15126       32245
   4530      15112       32262
   3684      15083       32296
   2850      15054       32331
   2028      15032       32356
   1213      15013       32378
    403      14988       32408
   -403      14959       32442
  -1208      14954       32448
  -2013      14925       32482
  -2824      14914       32495
  -3639      14899       32512
  -4459      14876       32539
  -5300      14887       32526
  -6132      14841       32580
  -6995      14838       32583
  -7865      14813       32613
  -8759      14797       32632
  -9679      14787       32643
 -10617      14766       32669
 -11586      14746       32691
 -12594      14734       32706
 -13633      14714       32730
 -14705      14685       32763
 -15816      14649       32806
 -16974      14608       32854
 -18393      14730       32711
 -20163      15042       32344
 -20392      14181       33355
 -21575      13992       33577
  22940      14280       31736
  21572      14401       31896
  20112      14403       31893
  18703      14378       31924
  16766      13850       32588
  15554      13828       32616
  14439      13841       32599
  13359      13840       32601
  12330      13847       32592
  11342      13857       32580
  10378      13854       32583
 9522        13965       32444
 8765        14215       32130
 7842        14178       32176
 6950        14151       32210
 6079        14123       32245
 5223        14082       32296
 4387        14051       32335
 3574        14046       32341
 2767        14026       32366
 1966        13992       32410
 1177        13982       32422
 391     13955       32457
 -391        13947       32466
 -1173       13929       32489
 -1958       13930       32487
 -2744       13912       32510
 -3527       13861       32575
 -4331       13870       32563
 -5136       13849       32589
 -5962       13850       32588
 -6791       13827       32617
 -7642       13817       32630
 -8516       13810       32639
 -9399       13784       32672
 -10307      13759       32702
 -11250      13745       32721
 -12229      13734       32735
 -13219      13696       32782
 -14283      13692       32787
 -15368      13663       32823
 -16508      13637       32856
 -17809      13691       32789
 -19907      14256       32078
 -21338      14245       32092
 -19343      12041       34862
 22376       13328       31716
 21025       13430       31890
 19602       13432       31888
 18273       13441       31875
 17001       13439       31879
 15778       13422       31901
 14602       13394       31939
 13491       13374       31965
 12412       13338       32014
 11385       13310       32052
 10404       13291       32078
 9463        13279       32094
 8530        13236       32151
 7639        13215       32180
 6763        13176       32233
 5919        13158       32258
 5088        13127       32299
 4278        13110       32322
 3480        13089       32350
 2697        13084       32357
 1916        13047       32407
 1146        13031       32428
 381     13001       32468
 -382        13023       32438
 -1142       12981       32496
 -1906       12979       32499
 -2671       12959       32525
 -3441       12942       32548
 -4220       12931       32564
 -5008       12921       32577
 -5810       12916       32583
 -6614       12886       32623
 -7446       12881       32631
 -8293       12869       32646
 -9167       12864       32653
 -10049      12837       32690
 -10972      12827       32703
 -11904      12792       32750
 -12879      12768       32783
 -13914      12763       32790
 -14971      12736       32826
 -16091      12719       32848
 -17262      12698       32877
 -19519      13375       31964
 -21338      13630       31620
 -21464      12785       32760
 21813       12396       31741
 20523       12507       31891
 19112       12494       31909
 17805       12495       31908
 16563       12490       31915
 15380       12482       31927
 14248       12468       31947
 13156       12443       31984
 12120       12425       32009
 11130       12413       32026
 10181       12407       32035
 9232        12359       32104
 8332        12334       32140
 7459        12310       32175
 6606        12279       32220
 5778        12255       32255
 4976        12248       32266
 4181        12224       32300
 3399        12197       32339
 2632        12180       32364
 1872        12162       32390
 1122        12165       32386
 373     12148       32410
 -373        12133       32433
 -1117       12117       32456
 -1862       12095       32487
 -2614       12098       32482
 -3365       12075       32516
 -4124       12056       32544
 -4897       12055       32545
 -5634       11949       32699
 -6418       11929       32727
 -7220       11917       32745
 -8035       11894       32777
 -8868       11872       32809
 -9738       11868       32816
 -10630      11855       32834
 -11542      11833       32866
 -12488      11811       32898
 -13489      11804       32909
 -14511      11777       32948
 -15592      11759       32974
 -16722      11735       33009
 -18271      11944       32706
 -20500      12493       31911
 -20735      11783       32938
 21307       11426       31705
 20006       11505       31892
 18668       11516       31875
 18035       11943       31202
 16186       11519       31870
 15033       11513       31879
 13914       11490       31915
 12935       11544       31830
 11934       11545       31829
 10900       11472       31943
 9918        11407       32047
 9036        11416       32031
 9534        13319       29036
 7289        11352       32132
 6432        11283       32242
 5646        11299       32216
 4853        11273       32257
 4081        11260       32278
 3317        11230       32325
 2568        11217       32345
 1829        11209       32358
 1094        11192       32384
 364     11179       32405
 -364        11169       32421
 -1090       11158       32438
 -1820       11157       32440
 -2548       11130       32483
 -3286       11127       32487
 -4024       11101       32528
 -4782       11108       32517
 -5522       11052       32604
 -6324       11093       32540
 -7132       11107       32518
 -7927       11074       32570
 -8754       11059       32593
 -9615       11058       32596
 -10503      11054       32602
 -11419      11047       32613
 -12362      11033       32635
 -13351      11025       32648
 -14368      11004       32681
 -15494      11026       32646
 -16664      11035       32631
 -17492      10791       33016
 -18189      10460       33537
 -18435      9886        34440
 20862       10617       31730
 19609       10701       31899
 18353       10744       31825
 17179       10795       31739
 15963       10780       31764
 15171       11026       31349
 14358       11251       30968
 13342       11299       30886
 13689       12567       28742
 13104       13088       27860
 11910       12997       28014
 10502       12591       28702
 9533        12638       28622
 7476        11049       31311
 6301        10489       32257
 5526        10495       32247
 4755        10481       32271
 3992        10451       32321
 3253        10451       32321
 2517        10432       32354
 1790        10411       32389
 1072        10406       32397
 356     10389       32426
 -356        10377       32447
 -1068       10366       32465
 -1782       10365       32466
 -2496       10344       32502
 -3218       10339       32512
 -3946       10331       32524
 -4678       10311       32559
 -5601       10638       32005
 -6970       11601       30375
 -7861       11617       30348
 -8209       10882       31591
 -9048       10847       31651
 -11286      12316       29166
 -12623      12607       28674
 -13593      12479       28890
 -13476      11414       30693
 -14687      11509       30531
 -13918      10116       32889
 -15006      10134       32857
 -16177      10166       32804
 -17278      10115       32890
 -17962      9802        33419
 -18196      9260        34336
 20434       9769        31742
 19194       9840        31921
 17942       9867        31872
 16721       9872        31864
 15588       9890        31831
 14485       9890        31830
 13478       9922        31771
 12640       10057       31524
 13371       11532       28813
 12956       12157       27666
 11769       12066       27833
 10037       11304       29232
 8770        10922       29933
 7066        9811        31976
 6186        9673        32229
 5419        9669        32236
 4663        9655        32262
 3920        9641        32287
 3190        9628        32312
 2466        9601        32361
 1757        9599        32365
 1050        9579        32402
 350     9582        32396
 -349        9569        32421
 -1047       9548        32458
 -1745       9537        32480
 -2449       9537        32479
 -3154       9519        32512
 -3866       9508        32531
 -4590       9504        32539
 -5494       9802        31992
 -6383       9981        31663
 -7049       9787        32020
 -7748       9650        32272
 -8559       9640        32289
 -10781      11053       29694
 -12415      11649       28599
 -13363      11526       28826
 -12421      9883        31843
 -14067      10356       30974
 -13963      9534        32485
 -15010      9523        32504
 -16082      9495        32557
 -17143      9428        32679
 -17808      9130        33227
 -18045      8627        34150
 20069       9024        31764
 18804       9067        31988
 17490       9046        32029
 16263       9030        32062
 15135       9031        32060
 14057       9026        32069
 13043       9031        32060
 12248       9165        31793
 13096       10623       28898
 12713       11218       27714
 11547       11134       27881
 9796        10376       29387
 8532        9993        30148
 6851        8947        32227
 6090        8957        32207
 5324        8935        32251
 4585        8929        32262
 3855        8918        32283
 3136        8902        32316
 2424        8876        32368
 1726        8870        32380
 1033        8860        32399
 344     8852        32415
 -343        8836        32447
 -1030       8834        32451
 -1717       8824        32472
 -2408       8818        32482
 -3100       8801        32517
 -3806       8804        32510
 -4516       8795        32529
 -5406       9071        31979
 -6175       9082        31958
 -6809       8892        32336
 -7464       8743        32631
 -8244       8732        32653
 -10564      10186       29765
 -12191      10758       28630
 -13121      10643       28856
 -12030      9002        32117
 -13761      9528        31073
 -13486      8660        32797
 -14490      8646        32825
 -15525      8620        32876
 -16638      8606        32904
 -17446      8412        33290
 -17688      7953        34201
 19760       8285        31750
 18583       8356        31908
 17313       8351        31919
 16106       8339        31944
 14979       8334        31954
 13893       8319        31987
 12894       8325        31975
 12055       8412        31786
 12861       9728        28936
 12476       10266       27771
 11331       10189       27939
 9615        9497        29436
 8355        9126        30240
 6758        8230        32182
 5988        8213        32218
 5244        8206        32232
 4510        8191        32264
 3792        8180        32289
 3083        8163        32326
 2388        8156        32341
 1697        8134        32388
 1017        8134        32388
 338     8130        32398
 -338        8110        32439
 -1013       8101        32459
 -1689       8095        32473
 -2370       8092        32479
 -3053       8082        32501
 -3742       8073        32521
 -4436       8057        32555
 -5313       8314        32000
 -6069       8323        31978
 -6707       8168        32315
 -7358       8037        32599
 -8133       8033        32606
 -10365      9320        29820
 -11992      9868        28634
 -12906      9763        28862
 -11806      8238        32163
 -13520      8729        31100
 -13279      7952        32783
 -14255      7932        32827
 -15281      7912        32868
 -16380      7901        32893
 -17310      7783        33147
 -17529      7350        34086
 19443       7522        31760
 18261       7576        31942
 17029       7579        31936
 15838       7567        31965
 14748       7572        31953
 13682       7559        31981
 12665       7545        32016
 11689       7526        32061
 12518       8737        29176
 12204       9266        27913
 11140       9242        27970
 9446        8609        29480
 7481        7540        32028
 6640        7460        32219
 5892        7456        32229
 5166        7458        32223
 4441        7441        32264
 3731        7426        32299
 3034        7411        32336
 2353        7413        32330
 1675        7405        32350
 1001        7393        32379
 333     7387        32393
 -333        7370        32434
 -998        7367        32440
 -1664       7360        32457
 -2333       7351        32478
 -3005       7340        32506
 -3688       7341        32503
 -4373       7328        32534
 -5238       7563        31972
 -5973       7559        31983
 -6590       7404        32352
 -7243       7300        32600
 -7987       7280        32648
 -10187      8451        29855
 -11788      8951        28666
 -12682      8851        28903
 -11616      7479        32173
 -13212      7871        31239
 -13060      7216        32800
 -14027      7201        32836
 -15055      7192        32857
 -16111      7170        32910
 -17145      7113        33045
 -17351      6713        34000
 18958       6112        31744
 17856       6174        31874
 16602       6158        31921
 15450       6152        31939
 14362       6145        31958
 13333       6139        31976
 12348       6131        32001
 11399       6117        32042
 10517       6118        32039
 9655        6109        32064
 8826        6102        32084
 8017        6089        32123
 7234        6077        32160
 6478        6066        32190
 5745        6059        32212
 5032        6055        32223
 4330        6048        32245
 3643        6042        32262
 2966        6037        32275
 2295        6026        32309
 1634        6020        32326
 978     6014        32344
 326     6014        32344
 -325        6005        32370
 -975        5997        32394
 -1625       5987        32423
 -2278       5983        32435
 -2934       5972        32466
 -3595       5963        32494
 -4268       5960        32502
 -4945       5951        32530
 -5633       5941        32560
 -6345       5941        32558
 -7058       5928        32595
 -7801       5925        32604
 -8566       5923        32612
 -9338       5909        32652
 -10141      5899        32683
 -10968      5886        32721
 -11837      5877        32746
 -12743      5868        32774
 -13686      5856        32807
 -14663      5838        32860
 -15729      5834        32872
 -16830      5819        32916
 -17023      5489        33886
 18733       5436        31763
 17617       5482        31921
 16422       5482        31922
 15267       5471        31958
 14198       5468        31969
 13167       5457        32005
 12194       5449        32031
 11282       5449        32031
 10392       5441        32058
 9542        5434        32080
 8707        5419        32131
 7929        5421        32125
 7155        5409        32162
 6398        5392        32219
 5685        5396        32206
 4976        5390        32227
 4283        5383        32248
 3600        5374        32278
 2928        5365        32308
 2270        5366        32305
 1616        5359        32327
 967     5355        32340
 322     5347        32367
 -321        5343        32381
 -964        5337        32401
 -1606       5327        32434
 -2253       5326        32437
 -2904       5320        32455
 -3559       5314        32478
 -4216       5300        32524
 -4889       5295        32540
 -5576       5293        32546
 -6267       5282        32582
 -6982       5279        32593
 -7706       5268        32628
 -8449       5258        32660
 -9236       5260        32653
 -10027      5250        32689
 -10835      5233        32743
 -11712      5234        32741
 -12593      5219        32789
 -13520      5207        32830
 -14498      5196        32867
 -15537      5187        32896
 -16647      5181        32917
 -17010      4936        33722
 18578       4846        31755
 17457       4883        31928
 16276       4884        31925
 15159       4883        31928
 14088       4877        31951
 13071       4869        31979
 12112       4865        31994
 11193       4859        32016
 10309       4851        32046
 9459        4843        32078
 8646        4836        32101
 7859        4829        32127
 7088        4816        32175
 6354        4814        32184
 5633        4806        32212
 4935        4804        32220
 4247        4799        32240
 3571        4792        32264
 2907        4787        32284
 2251        4783        32298
 1602        4775        32328
 958     4769        32348
 319     4765        32366
 -318        4755        32402
 -955        4752        32414
 -1591       4745        32439
 -2234       4745        32438
 -2877       4739        32461
 -3522       4726        32508
 -4183       4726        32510
 -4846       4717        32542
 -5525       4714        32553
 -6214       4707        32578
 -6918       4701        32602
 -7639       4694        32627
 -8382       4689        32647
 -9139       4678        32685
 -9927       4671        32711
 -10739      4662        32747
 -11602      4660        32753
 -12492      4653        32777
 -13407      4641        32824
 -14373      4630        32865
 -15416      4626        32880
 -16484      4611        32935
 -16918      4413        33667
 18420       4200        31755
 17307       4232        31929
 16132       4231        31931
 14992       4221        31974
 13943       4219        31985
 12930       4210        32020
 11990       4210        32024
 11086       4207        32036
 10215       4202        32057
 9366        4191        32103
 8565        4188        32117
 7787        4183        32138
 7030        4176        32168
 6296        4169        32195
 5584        4164        32218
 4897        4167        32207
 4208        4156        32254
 3541        4154        32262
 2880        4146        32294
 2229        4140        32322
 1589        4141        32318
 950     4131        32358
 316     4126        32379
 -315        4118        32415
 -946        4116        32425
 -1579       4115        32426
 -2214       4111        32443
 -2850       4103        32478
 -3495       4099        32495
 -4150       4099        32496
 -4811       4094        32516
 -5480       4087        32547
 -6160       4079        32582
 -6860       4075        32600
 -7581       4072        32610
 -8309       4063        32651
 -9062       4055        32683
 -9847       4050        32704
 -10657      4044        32732
 -11510      4041        32742
 -12378      4031        32788
 -13287      4020        32832
 -14253      4013        32863
 -15261      4003        32907
 -16343      3996        32936
 -17326      3950        33131
 18274       3509        31755
 17175       3536        31925
 15992       3532        31946
 14897       3532        31946
 13845       3528        31969
 12829       3518        32019
 11908       3521        32004
 10994       3513        32043
 10136       3511        32054
 9300        3505        32086
 8495        3498        32120
 7728        3496        32132
 6978        3490        32160
 6242        3481        32209
 5545        3482        32201
 4858        3481        32209
 4180        3476        32233
 3515        3472        32255
 2857        3464        32295
 2212        3460        32317
 1576        3459        32320
 942     3452        32354
 314     3451        32362
 -314        3450        32364
 -940        3445        32393
 -1565       3435        32444
 -2196       3435        32444
 -2832       3433        32454
 -3470       3427        32482
 -4117       3424        32501
 -4775       3422        32509
 -5441       3417        32535
 -6117       3411        32564
 -6813       3408        32581
 -7515       3399        32626
 -8241       3393        32657
 -8998       3391        32669
 -9777       3387        32690
 -10571      3378        32734
 -11411      3374        32755
 -12287      3369        32779
 -13194      3362        32817
 -14136      3352        32869
 -15152      3347        32894
 -16223      3340        32926
 -17169      3297        33151
 18172       2887        31748
 17064       2907        31933
 15923       2910        31916
 14802       2904        31953
 13771       2903        31958
 12771       2897        31992
 11840       2896        31999
 10931       2890        32038
 10068       2885        32068
 9245        2882        32086
 8445        2877        32119
 7675        2872        32148
 6938        2871        32155
 6212        2866        32189
 5514        2865        32193
 4824        2860        32227
 4157        2860        32221
 3499        2859        32228
 2842        2851        32283
 2202        2849        32291
 1565        2842        32334
 937     2841        32342
 312     2839        32352
 -312        2836        32373
 -935        2833        32390
 -1556       2825        32441
 -2184       2826        32437
 -2817       2825        32442
 -3451       2820        32470
 -4092       2815        32501
 -4746       2813        32514
 -5408       2810        32536
 -6086       2808        32548
 -6768       2801        32591
 -7479       2799        32605
 -8203       2794        32633
 -8950       2790        32658
 -9708       2782        32708
 -10508      2778        32734
 -11357      2778        32734
 -12206      2769        32790
 -13116      2765        32816
 -14058      2758        32861
 -15063      2753        32892
 -16122      2746        32930
 -17127      2721        33091
 17980       1651        31787
 16905       1665        31948
 15757       1665        31951
 14658       1663        31975
 13620       1660        32002
 12650       1659        32011
 11728       1659        32017
 10838       1657        32038
 9990        1655        32053
 9163        1652        32092
 8360        1647        32147
 7607        1646        32154
 6877        1646        32160
 6165        1645        32170
 5467        1643        32193
 4786        1640        32216
 4116        1637        32248
 3460        1635        32274
 2816        1633        32299
 2182        1632        32304
 1554        1631        32316
 930     1630        32327
 309     1624        32393
 -309        1624        32395
 -926        1624        32397
 -1543       1620        32440
 -2164       1619        32449
 -2788       1617        32471
 -3419       1616        32485
 -4056       1614        32505
 -4710       1615        32495
 -5357       1609        32553
 -6033       1609        32554
 -6708       1605        32599
 -7406       1603        32627
 -8123       1600        32654
 -8863       1598        32679
 -9633       1596        32695
 -10406      1591        32754
 -11240      1590        32765
 -12091      1586        32805
 -12999      1584        32822
 -13929      1580        32871
 -14917      1576        32912
 -15975      1573        32941
 -16947      1557        33125
 17970       1047        31750
 16877       1054        31932
 15737       1055        31928
 14651       1054        31939
 13600       1051        31983
 12639       1052        31981
 11710       1051        31999
 10825       1050        32015
 9974        1048        32038
 9145        1046        32083
 8359        1044        32104
 7598        1043        32130
 6860        1041        32160
 6147        1040        32179
 5458        1040        32179
 4773        1038        32219
 4112        1038        32221
 3453        1035        32265
 2811        1034        32282
 2176        1032        32309
 1547        1030        32343
 927     1030        32345
 308     1029        32369
 -308        1028        32388
 -924        1027        32398
 -1541       1026        32414
 -2164       1027        32408
 -2780       1022        32481
 -3410       1022        32488
 -4044       1021        32513
 -4694       1021        32512
 -5350       1020        32529
 -6006       1016        32586
 -6691       1015        32600
 -7382       1013        32639
 -8116       1014        32624
 -8840       1011        32680
 -9599       1009        32712
 -10392      1008        32733
 -11205      1005        32775
 -12067      1004        32796
 -12975      1003        32811
 -13890      999     32876
 -14872      997     32921
 -15926      995     32950
 -16917      986     33112
 17920       413     31775
 16850       416     31935
 15704       416     31939
 14601       415     31973
 13579       415     31984
 12606       415     32001
 11691       415     32002
 10794       414     32040
 9945        413     32064
 9131        413     32084
 8350        413     32098
 7587        412     32130
 6857        412     32142
 6136        411     32184
 5444        410     32197
 4766        410     32219
 4102        409     32236
 3452        409     32247
 2810        409     32266
 2171        407     32320
 1546        407     32331
 926     407     32344
 308     406     32368
 -307        406     32393
 -921        405     32435
 -1539       405     32409
 -2155       404     32456
 -2779       404     32457
 -3405       403     32489
 -4038       403     32516
 -4689       403     32505
 -5337       402     32549
 -5999       401     32582
 -6680       401     32604
 -7375       400     32629
 -8090       400     32656
 -8829       399     32677
 -9584       398     32714
 -10371      398     32744
 -11197      397     32763
 -12045      396     32802
 -12940      396     32832
 -13878      395     32867
 -14866      394     32904
 -15914      393     32938
 -16873      389     33131
 17916       -194        31775
 16828       -195        31956
 15687       -195        31955
 14612       -195        31957
 13593       -195        31963
 12606       -195        31998
 11679       -195        32017
 10799       -194        32028
 9944        -194        32062
 9130        -194        32083
 8337        -193        32121
 7582        -193        32140
 6856        -193        32140
 6143        -193        32161
 5442        -193        32202
 4773        -193        32186
 4107        -193        32210
 3451        -192        32249
 2807        -192        32278
 2176        -192        32276
 1547        -191        32321
 927     -191        32311
 308     -191        32370
 -307        -191        32386
 -920        -190        32442
 -1538       -190        32417
 -2155       -190        32452
 -2772       -189        32498
 -3404       -189        32489
 -4034       -189        32528
 -4675       -189        32555
 -5332       -189        32560
 -6009       -189        32551
 -6690       -189        32572
 -7387       -188        32599
 -8094       -188        32643
 -8820       -187        32691
 -9583       -187        32712
 -10374      -187        32736
 -11193      -187        32765
 -12046      -186        32798
 -12942      -186        32826
 -13858      -185        32887
 -14849      -185        32919
 -15899      -184        32952
 -16857      -182        33144
 17941       -826        31768
 16858       -833        31941
 15718       -833        31938
 14628       -832        31955
 13606       -832        31964
 12626       -831        31988
 11698       -830        32006
 10821       -830        32010
 9962        -828        32047
 9138        -826        32085
 8350        -825        32113
 7590        -824        32137
 6861        -823        32147
 6155        -823        32143
 5451        -821        32191
 4774        -821        32203
 4107        -819        32228
 3452        -818        32258
 2808        -817        32292
 2178        -817        32283
 1547        -815        32332
 927     -815        32332
 308     -813        32372
 -308        -812        32385
 -924        -812        32394
 -1540       -811        32419
 -2159       -810        32433
 -2806       -816        32300
 -3458       -819        32230
 -4111       -820        32213
 -4734       -814        32352
 -5357       -807        32497
 -6006       -803        32577
 -6692       -803        32585
 -7378       -801        32637
 -8102       -800        32643
 -8834       -799        32680
 -9601       -798        32697
 -10373      -795        32755
 -11196      -794        32778
 -12050      -793        32810
 -12941      -791        32844
 -13869      -789        32891
 -14857      -787        32927
 -15896      -785        32972
 -16880      -778        33138
 17969       -1404       31776
 16905       -1416       31927
 15753       -1415       31934
 14654       -1414       31959
 13622       -1412       31978
 12651       -1411       31987
 11724       -1410       32002
 10834       -1408       32024
 9972        -1405       32066
 9152        -1403       32092
 8367        -1402       32111
 7603        -1399       32144
 6865        -1397       32170
 6160        -1397       32165
 5457        -1394       32206
 4787        -1395       32191
 4117        -1393       32223
 3461        -1391       32250
 2817        -1389       32270
 2181        -1388       32291
 1550        -1384       32340
 928     -1383       32352
 309     -1383       32349
 -309        -1381       32377
 -924        -1378       32417
 -1543       -1378       32413
 -2162       -1375       32446
 -2825       -1393       32217
 -3469       -1394       32210
 -4086       -1383       32354
 -4740       -1382       32365
 -5370       -1372       32490
 -6027       -1367       32551
 -6705       -1364       32587
 -7403       -1362       32613
 -8121       -1360       32639
 -8853       -1357       32678
 -9611       -1354       32715
 -10394      -1351       32754
 -11215      -1349       32784
 -12074      -1347       32810
 -12964      -1344       32849
 -13899      -1341       32888
 -14879      -1337       32935
 -15919      -1333       32982
 -16908      -1321       33144
 18074       -2102       31738
 16989       -2119       31905
 15836       -2119       31906
 14733       -2116       31930
 13677       -2111       31973
 12716       -2113       31963
 11783       -2111       31979
 10875       -2105       32024
 10028       -2104       32032
 9201        -2101       32065
 8405        -2097       32097
 7646        -2095       32109
 6905        -2092       32135
 6186        -2090       32157
 5490        -2089       32166
 4800        -2084       32209
 4133        -2082       32221
 3473        -2078       32254
 2827        -2076       32272
 2188        -2072       32305
 1558        -2072       32309
 932     -2069       32337
 310     -2068       32342
 -310        -2066       32357
 -929        -2062       32391
 -1551       -2063       32388
 -2172       -2058       32429
 -2832       -2080       32239
 -3462       -2072       32308
 -4112       -2072       32308
 -4759       -2066       32361
 -5392       -2052       32484
 -6048       -2043       32555
 -6731       -2040       32585
 -7432       -2037       32609
 -8142       -2031       32659
 -8880       -2027       32690
 -9635       -2022       32736
 -10432      -2020       32757
 -11261      -2017       32777
 -12119      -2013       32810
 -13026      -2011       32832
 -13969      -2007       32867
 -14946      -2000       32923
 -16004      -1996       32954
 -16972      -1974       33143
 18144       -2716       31750
 17059       -2739       31913
 15915       -2741       31898
 14778       -2732       31956
 13751       -2732       31958
 12768       -2730       31971
 11836       -2729       31979
 10922       -2721       32027
 10073       -2720       32033
 9236        -2714       32078
 8430        -2707       32125
 7682        -2709       32106
 6937        -2705       32133
 6211        -2701       32165
 5513        -2700       32171
 4823        -2695       32204
 4153        -2693       32212
 3488        -2687       32257
 2841        -2685       32267
 2199        -2681       32294
 1568        -2682       32284
 937     -2677       32321
 312     -2672       32350
 -311        -2669       32370
 -933        -2664       32404
 -1557       -2664       32407
 -2182       -2660       32433
 -2833       -2677       32317
 -3487       -2685       32264
 -4136       -2682       32285
 -4785       -2673       32344
 -5399       -2644       32539
 -6075       -2641       32555
 -6765       -2638       32575
 -7458       -2630       32627
 -8183       -2627       32649
 -8920       -2621       32690
 -9702       -2620       32694
 -10482      -2612       32752
 -11307      -2607       32785
 -12172      -2602       32813
 -13065      -2596       32857
 -14004      -2589       32902
 -15009      -2585       32928
 -16043      -2576       32990
 -17009      -2546       33183
 18262       -3369       31741
 17171       -3397       31903
 16009       -3397       31900
 14897       -3394       31919
 13851       -3391       31934
 12839       -3382       31979
 11911       -3383       31973
 11004       -3378       32001
 10134       -3373       32031
 9300        -3367       32062
 8509        -3366       32066
 7733        -3361       32094
 6972        -3351       32148
 6251        -3349       32159
 5543        -3345       32180
 4852        -3340       32203
 4176        -3337       32221
 3517        -3338       32216
 2861        -3332       32247
 2214        -3327       32274
 1574        -3318       32319
 943     -3318       32321
 313     -3311       32361
 -313        -3309       32369
 -939        -3304       32396
 -1565       -3300       32416
 -2195       -3298       32427
 -2826       -3291       32465
 -3474       -3297       32434
 -4114       -3287       32486
 -4768       -3283       32510
 -5434       -3279       32531
 -6111       -3274       32558
 -6798       -3267       32594
 -7505       -3261       32623
 -8226       -3254       32662
 -8970       -3248       32697
 -9747       -3244       32718
 -10546      -3238       32749
 -11385      -3234       32770
 -12241      -3225       32818
 -13153      -3220       32845
 -14085      -3209       32904
 -15093      -3203       32936
 -16161      -3197       32967
 -17137      -3161       33157
 18441       -4042       31696
 17291       -4064       31909
 16115       -4063       31912
 15013       -4063       31911
 13942       -4055       31949
 12926       -4046       31988
 11984       -4044       31995
 11082       -4042       32006
 10210       -4037       32028
 9371        -4031       32056
 8563        -4025       32083
 7777        -4015       32124
 7025        -4011       32143
 6294        -4006       32167
 5592        -4009       32153
 4888        -3998       32202
 4212        -3999       32198
 3537        -3988       32245
 2878        -3983       32268
 2230        -3981       32278
 1589        -3981       32277
 949     -3968       32335
 316     -3962       32360
 -316        -3962       32360
 -945        -3952       32407
 -1578       -3953       32401
 -2213       -3950       32415
 -2847       -3940       32460
 -3494       -3939       32464
 -4138       -3928       32512
 -4797       -3924       32532
 -5468       -3920       32551
 -6144       -3911       32590
 -6827       -3898       32649
 -7559       -3903       32625
 -8293       -3898       32647
 -9034       -3886       32700
 -9818       -3882       32718
 -10613      -3871       32767
 -11459      -3867       32784
 -12318      -3856       32836
 -13232      -3848       32868
 -14178      -3837       32917
 -15201      -3832       32939
 -16255      -3820       32992
 -17253      -3781       33167
 18565       -4677       31723
 17446       -4713       31895
 16260       -4712       31898
 15133       -4707       31915
 14066       -4702       31936
 13056       -4697       31955
 12083       -4687       31993
 11187       -4690       31983
 10290       -4676       32035
 9462        -4678       32029
 8640        -4668       32068
 7856        -4662       32089
 7082        -4647       32146
 6350        -4645       32153
 5635        -4643       32164
 4930        -4635       32194
 4243        -4629       32216
 3570        -4626       32228
 2903        -4617       32263
 2249        -4614       32274
 1601        -4610       32291
 958     -4603       32316
 319     -4597       32337
 -318        -4589       32369
 -953        -4583       32394
 -1591       -4580       32404
 -2229       -4572       32436
 -2869       -4564       32467
 -3517       -4558       32488
 -4173       -4553       32508
 -4840       -4551       32518
 -5507       -4538       32567
 -6196       -4532       32587
 -6906       -4532       32588
 -7617       -4520       32634
 -8351       -4511       32668
 -9107       -4502       32703
 -9889       -4494       32736
 -10694      -4483       32776
 -11542      -4477       32800
 -12425      -4470       32828
 -13321      -4453       32893
 -14300      -4448       32910
 -15318      -4439       32947
 -16396      -4429       32985
 -17387      -4380       33174
 18755       -5333       31708
 17602       -5367       31903
 16412       -5368       31900
 15257       -5357       31937
 14205       -5360       31927
 13171       -5349       31966
 12200       -5342       31989
 11295       -5345       31977
 10394       -5332       32022
 9554        -5332       32023
 8719        -5317       32073
 7925        -5309       32100
 7162        -5306       32112
 6405        -5289       32168
 5685        -5288       32171
 4973        -5278       32206
 4281        -5272       32223
 3603        -5271       32229
 2935        -5268       32237
 2270        -5257       32276
 1618        -5257       32275
 967     -5245       32316
 321     -5230       32366
 -321        -5231       32364
 -961        -5214       32422
 -1603       -5210       32433
 -2250       -5211       32430
 -2898       -5204       32456
 -3551       -5194       32488
 -4213       -5189       32503
 -4879       -5178       32543
 -5559       -5171       32566
 -6248       -5160       32603
 -6956       -5153       32627
 -7685       -5148       32642
 -8427       -5138       32675
 -9189       -5128       32710
 -9989       -5124       32723
 -10792      -5107       32780
 -11650      -5101       32801
 -12527      -5087       32848
 -13451      -5076       32887
 -14423      -5064       32925
 -15444      -5052       32968
 -16525      -5039       33011
 -17512      -4980       33211
 18943       -6023       31729
 17814       -6074       31888
 16596       -6071       31899
 15430       -6059       31935
 14351       -6056       31943
 13333       -6055       31946
 12355       -6049       31963
 11411       -6038       31995
 10518       -6034       32009
 9654        -6024       32037
 8819        -6014       32069
 8018        -6006       32092
 7250        -6005       32094
 6489        -5992       32134
 5754        -5984       32157
 5034        -5973       32189
 4330        -5964       32218
 3645        -5963       32221
 2963        -5948       32264
 2297        -5948       32264
 1634        -5939       32293
 978     -5931       32316
 326     -5929       32320
 -324        -5911       32376
 -975        -5914       32365
 -1625       -5905       32393
 -2277       -5896       32420
 -2928       -5878       32472
 -3592       -5876       32479
 -4255       -5860       32527
 -4930       -5851       32555
 -5623       -5849       32561
 -6323       -5838       32591
 -7039       -5831       32613
 -7766       -5818       32654
 -8517       -5808       32682
 -9289       -5797       32716
 -10095      -5791       32733
 -10926      -5782       32760
 -11789      -5772       32788
 -12665      -5751       32852
 -13596      -5737       32894
 -14599      -5732       32907
 -15618      -5713       32966
 -16700      -5694       33021
 -17706      -5630       33213
 19180       -6711       31722
 18058       -6775       31859
 16799       -6761       31896
 15642       -6759       31904
 14534       -6748       31931
 13491       -6741       31951
 12497       -6733       31972
 11550       -6725       31993
 10644       -6718       32012
 9779        -6715       32021
 8939        -6707       32042
 8124        -6696       32071
 7338        -6689       32091
 6575        -6681       32111
 5823        -6664       32156
 5094        -6651       32192
 4383        -6642       32215
 3687        -6636       32233
 3002        -6632       32243
 2321        -6613       32295
 1653        -6612       32298
 989     -6601       32326
 329     -6591       32353
 -329        -6585       32368
 -985        -6577       32390
 -1640       -6560       32436
 -2302       -6558       32441
 -2965       -6550       32464
 -3632       -6538       32494
 -4305       -6525       32530
 -4995       -6523       32535
 -5687       -6508       32574
 -6397       -6500       32597
 -7121       -6491       32621
 -7870       -6487       32630
 -8620       -6468       32683
 -9408       -6460       32704
 -10213      -6446       32740
 -11051      -6435       32770
 -11912      -6418       32816
 -12804      -6398       32870
 -13768      -6392       32884
 -14756      -6376       32929
 -15808      -6363       32964
 -16901      -6341       33021
 -17942      -6278       33192
 19450       -7443       31719
 18282       -7502       31888
 17051       -7506       31878
 15854       -7492       31912
 14731       -7481       31939
 13698       -7486       31927
 12675       -7469       31967
 11708       -7457       31998
 10786       -7446       32023
 9912        -7445       32027
 9074        -7447       32021
 8243        -7431       32059
 7438        -7415       32099
 6666        -7409       32113
 5906        -7392       32153
 5171        -7385       32170
 4448        -7373       32199
 3744        -7370       32207
 3044        -7355       32244
 2357        -7346       32265
 1678        -7339       32281
 1003        -7326       32314
 333     -7312       32348
 -333        -7305       32363
 -999        -7296       32385
 -1667       -7291       32398
 -2335       -7278       32430
 -3007       -7265       32462
 -3684       -7253       32489
 -4369       -7242       32515
 -5060       -7227       32553
 -5769       -7221       32567
 -6486       -7208       32597
 -7221       -7199       32620
 -7969       -7184       32656
 -8755       -7185       32654
 -9534       -7161       32712
 -10361      -7153       32730
 -11197      -7131       32784
 -12066      -7111       32834
 -12985      -7096       32868
 -13959      -7089       32886
 -14955      -7067       32938
 -16016      -7051       32978
 -17128      -7029       33031
 -18161      -6950       33221
 19752       -8225       31732
 18569       -8293       31896
 17292       -8284       31915
 16107       -8283       31916
 14961       -8268       31949
 13906       -8271       31944
 12869       -8252       31984
 11898       -8246       31996
 10962       -8235       32021
 10068       -8228       32036
 9209        -8224       32045
 8368        -8209       32077
 7553        -8194       32111
 6770        -8188       32125
 6001        -8174       32156
 5252        -8162       32180
 4520        -8153       32199
 3798        -8138       32234
 3090        -8124       32264
 2393        -8117       32279
 1703        -8104       32308
 1018        -8090       32337
 339     -8093       32332
 -338        -8072       32377
 -1014       -8059       32406
 -1690       -8043       32440
 -2372       -8046       32435
 -3052       -8026       32479
 -3737       -8005       32523
 -4433       -7997       32541
 -5143       -7993       32550
 -5857       -7978       32583
 -6588       -7967       32606
 -7331       -7953       32637
 -8100       -7947       32651
 -8879       -7929       32689
 -9678       -7910       32732
 -10501      -7889       32777
 -11366      -7877       32802
 -12252      -7857       32848
 -13193      -7847       32869
 -14166      -7828       32909
 -15178      -7805       32959
 -16237      -7778       33018
 -17381      -7762       33055
 -18423      -7672       33251
 20174       -9043       31654
 18920       -9094       31863
 17635       -9093       31865
 16416       -9087       31878
 15245       -9068       31916
 14150       -9058       31935
 13116       -9053       31946
 12124       -9044       31963
 11175       -9037       31978
 10254       -9020       32011
 9372        -9009       32034
 8520        -8996       32058
 7695        -8985       32081
 6901        -8984       32083
 6116        -8966       32119
 5352        -8953       32145
 4602        -8935       32180
 3874        -8933       32185
 3152        -8921       32208
 2440        -8906       32239
 1735        -8888       32274
 1037        -8870       32309
 345     -8860       32330
 -344        -8845       32359
 -1033       -8838       32374
 -1722       -8822       32406
 -2412       -8806       32439
 -3106       -8789       32472
 -3809       -8784       32482
 -4518       -8772       32506
 -5235       -8756       32537
 -5959       -8737       32576
 -6710       -8734       32581
 -7461       -8711       32626
 -8243       -8705       32640
 -9029       -8679       32691
 -9852       -8666       32716
 -10700      -8652       32745
 -11562      -8625       32799
 -12474      -8610       32829
 -13429      -8596       32856
 -14415      -8574       32900
 -15442      -8548       32953
 -16525      -8521       33007
 -17692      -8504       33040
 -18777      -8416       33215
 20448       -9722       31700
 19231       -9805       31858
 17896       -9788       31889
 16645       -9773       31917
 15493       -9775       31913
 14362       -9752       31956
 13317       -9750       31960
 12301       -9734       31990
 11332       -9720       32015
 10399       -9704       32045
 9513        -9700       32053
 8650        -9689       32073
 7803        -9665       32117
 7000        -9666       32115
 6204        -9648       32149
 5437        -9648       32148
 4674        -9627       32188
 3929        -9610       32220
 3198        -9602       32234
 2472        -9573       32289
 1760        -9562       32308
 1053        -9552       32326
 350     -9528       32370
 -350        -9524       32378
 -1048       -9507       32409
 -1744       -9478       32464
 -2448       -9478       32463
 -3151       -9460       32496
 -3864       -9453       32510
 -4583       -9438       32537
 -5307       -9417       32576
 -6048       -9406       32597
 -6797       -9386       32634
 -7573       -9380       32644
 -8358       -9362       32678
 -9168       -9348       32703
 -9990       -9322       32752
 -10853      -9310       32775
 -11722      -9276       32837
 -12647      -9259       32868
 -13620      -9249       32888
 -14611      -9219       32943
 -15653      -9191       32995
 -16760      -9167       33039
 -17941      -9148       33074
 -19042      -9054       33248
 20901       -10580      31663
 19618       -10649      31856
 18259       -10632      31885
 16985       -10617      31910
 15800       -10613      31917
 14658       -10597      31946
 13582       -10586      31963
 12558       -10579      31976
 11558       -10554      32018
 10628       -10558      32011
 9709        -10540      32043
 8823        -10522      32073
 7961        -10498      32115
 7150        -10511      32091
 6335        -10489      32129
 5542        -10470      32162
 4767        -10452      32192
 4011        -10446      32203
 3264        -10431      32229
 2526        -10415      32254
 1796        -10392      32295
 1076        -10389      32300
 357     -10357      32354
 -357        -10350      32366
 -1069       -10330      32400
 -1784       -10322      32414
 -2499       -10302      32447
 -3214       -10272      32499
 -3944       -10270      32502
 -4672       -10244      32547
 -5417       -10232      32566
 -6172       -10219      32589
 -6942       -10205      32613
 -7729       -10192      32635
 -8520       -10159      32691
 -9344       -10143      32718
 -10185      -10118      32761
 -11063      -10102      32788
 -11960      -10076      32833
 -12907      -10060      32859
 -13885      -10038      32898
 -14904      -10011      32943
 -15958      -9975       33004
 -17092      -9952       33043
 -18293      -9930       33082
 -19378      -9809       33288
 21417       -11514      31629
 20126       -11603      31801
 18754       -11598      31809
 17417       -11563      31864
 16191       -11551      31883
 15029       -11539      31901
 13916       -11520      31931
 12874       -11518      31934
 11854       -11497      31968
 10895       -11495      31970
 9939        -11458      32028
 9028        -11434      32066
 8170        -11442      32053
 7308        -11410      32103
 6490        -11413      32100
 5672        -11379      32152
 4888        -11382      32148
 4110        -11368      32170
 3340        -11337      32218
 2588        -11329      32231
 1840        -11308      32264
 1100        -11288      32295
 366     -11280      32307
 -365        -11257      32344
 -1095       -11230      32386
 -1826       -11221      32400
 -2561       -11212      32415
 -3297       -11189      32450
 -4042       -11178      32467
 -4791       -11155      32503
 -5546       -11127      32547
 -6319       -11112      32571
 -7109       -11099      32592
 -7909       -11077      32627
 -8719       -11043      32680
 -9574       -11038      32688
 -10428      -11003      32743
 -11330      -10988      32766
 -12256      -10965      32801
 -13212      -10938      32845
 -14218      -10916      32879
 -15258      -10886      32926
 -16343      -10850      32982
 -17487      -10815      33037
 -18697      -10779      33094
 -19851      -10672      33261
 21916       -12398      31615
 20581       -12485      31801
 19141       -12456      31842
 18009       -12580      31661
 16751       -12575      31669
 15527       -12544      31715
 14329       -12482      31805
 13178       -12406      31915
 12117       -12366      31974
 11103       -12327      32030
 10152       -12316      32047
 9229        -12299      32071
 8330        -12275      32106
 7473        -12277      32103
 6611        -12233      32168
 5804        -12254      32137
 4993        -12233      32167
 4205        -12236      32163
 3418        -12209      32203
 2647        -12193      32225
 1883        -12176      32250
 1126        -12158      32277
 374     -12134      32311
 -374        -12116      32338
 -1121       -12103      32357
 -1867       -12072      32402
 -2619       -12065      32413
 -3371       -12039      32450
 -4134       -12031      32462
 -4894       -11992      32519
 -5657       -11943      32590
 -6447       -11928      32612
 -7248       -11908      32641
 -8075       -11899      32654
 -8912       -11877      32687
 -9782       -11867      32701
 -10681      -11858      32714
 -11601      -11839      32742
 -12540      -11806      32790
 -13508      -11766      32848
 -14543      -11749      32873
 -15600      -11711      32929
 -16726      -11684      32967
 -17874      -11632      33044
 -19142      -11612      33072
 -20302      -11484      33259
 23139       -14430      31598
 21733       -14534      31781
 20232       -14514      31806
 18815       -14490      31836
 17488       -14472      31858
 16226       -14451      31885
 15037       -14440      31898
 13720       -14239      32150
 13253       -14910      31310
 13288       -16264      29612
 12151       -16250      29629
 10459       -15365      30739
 8871        -14411      31935
 8273        -14983      31218
 7032        -14344      32019
 6127        -14260      32124
 5270        -14235      32155
 4428        -14207      32191
 3606        -14197      32204
 2788        -14159      32251
 1984        -14142      32271
 1185        -14105      32318
 394     -14080      32349
 -394        -14063      32371
 -1179       -14034      32408
 -1968       -14027      32416
 -2756       -14000      32450
 -3549       -13975      32481
 -4349       -13954      32508
 -5148       -13905      32569
 -6087       -14167      32240
 -6950       -14176      32229
 -7804       -14133      32283
 -8678       -14098      32327
 -9549       -14029      32413
 -10256      -13716      32806
 -11199      -13706      32818
 -11978      -13475      33108
 -13075      -13570      32989
 -14128      -13567      32993
 -15218      -13553      33011
 -16431      -13597      32955
 -17546      -13512      33062
 -18804      -13490      33090
 -20109      -13448      33142
 -21356      -13318      33305
 23796       -15489      31623
 22364       -15610      31793
 20831       -15598      31808
 19353       -15556      31857
 17995       -15544      31871
 16680       -15505      31916
 15451       -15487      31938
 14082       -15255      32208
 13613       -15986      31356
 13602       -17377      29733
 12439       -17364      29749
 10706       -16416      30853
 9055        -15355      32092
 8469        -16009      31329
 7241        -15417      32020
 6295        -15293      32164
 5419        -15279      32180
 4554        -15250      32214
 3704        -15224      32244
 2866        -15191      32283
 2040        -15177      32300
 1218        -15127      32357
 406     -15122      32364
 -405        -15096      32393
 -1215       -15091      32400
 -2024       -15057      32439
 -2834       -15021      32480
 -3650       -15000      32505
 -4470       -14967      32544
 -5270       -14858      32671
 -6099       -14815      32721
 -6946       -14789      32752
 -8397       -15874      31487
 -10004      -16964      30215
 -11154      -17104      30052
 -12662      -17675      29386
 -13323      -17020      30150
 -13026      -15296      32160
 -13470      -14592      32982
 -14558      -14592      32981
 -15686      -14581      32994
 -16885      -14585      32989
 -18053      -14511      33076
 -19335      -14478      33114
 -20675      -14432      33168
 -21916      -14265      33362
 24597       -16630      31563
 23095       -16745      31752
 21502       -16723      31775
 19999       -16697      31804
 18574       -16665      31838
 17234       -16641      31865
 15960       -16616      31893
 14526       -16345      32188
 14034       -17118      31345
 13947       -18507      29832
 12758       -18498      29841
 11009       -17536      30890
 9351        -16470      32051
 8708        -17099      31366
 7471        -16522      31995
 6496        -16392      32136
 5588        -16364      32167
 4700        -16349      32183
 3821        -16310      32226
 2958        -16285      32252
 2105        -16266      32274
 1259        -16240      32302
 419     -16212      32333
 -418        -16177      32371
 -1253       -16165      32384
 -2088       -16134      32417
 -2926       -16110      32443
 -3762       -16059      32499
 -4619       -16066      32491
 -5469       -16016      32546
 -6333       -15981      32585
 -7218       -15962      32605
 -8604       -16895      31589
 -10249      -18051      30328
 -11425      -18198      30168
 -12958      -18788      29525
 -13642      -18102      30273
 -13397      -16341      32192
 -13935      -15680      32912
 -15056      -15675      32918
 -16199      -15641      32954
 -17374      -15588      33012
 -18639      -15562      33041
 -19918      -15492      33118
 -21320      -15458      33155
 -22592      -15275      33354
 25395       -17762      31536
 23850       -17888      31720
 22206       -17866      31743
 20625       -17814      31796
 19186       -17808      31802
 17784       -17764      31847
 16474       -17743      31869
 14973       -17428      32190
 14430       -18207      31394
 14305       -19636      29935
 13081       -19620      29951
 11315       -18644      30949
 9651        -17584      32031
 8956        -18193      31409
 7710        -17639      31975
 6710        -17514      32102
 5773        -17490      32127
 4852        -17457      32161
 3946        -17425      32194
 3054        -17397      32222
 2172        -17361      32259
 1298        -17327      32294
 432     -17291      32331
 -432        -17294      32328
 -1293       -17254      32369
 -2155       -17227      32396
 -3020       -17203      32421
 -3884       -17151      32474
 -4758       -17120      32505
 -5641       -17088      32538
 -6537       -17064      32563
 -7443       -17028      32599
 -8850       -17976      31631
 -10515      -19159      30422
 -11719      -19310      30268
 -13279      -19917      29647
 -13991      -19205      30375
 -13786      -17395      32225
 -14353      -16707      32928
 -15546      -16743      32891
 -16707      -16688      32947
 -17928      -16640      32996
 -19213      -16594      33042
 -20539      -16525      33113
 -21970      -16478      33161
 -23301      -16297      33347
